# Crash Bandicoot 3 - Warped: played by hand, recorded 2026-09-30 19:19:51 with scripts/movie_capture.sh
# folder: sd:/wiisxrx/isos/Crash Bandicoot 3 - Warped
# cue: Crash Bandicoot 3 - Warped [U] [SLUS-94244].cue
# vblanks: 35835
# build: commit b845648, debug, WiiSXRX_debug.dol, 2026-09-30 18:39:22, sha1 e47a105404d79828ef875ffe35632c4f8be09f4d
#   (if it drifts on a later build: build that commit and pass the DOL with --dol)
# settings: gpuPlugin=2 FPS=1 PadType1=1 PadAutoAssign=0 
# pad: ControllerType=0 (digital pad); Dolphin: port 1 keyboard GameCube pad, port 2 GameCube pad (SIDevice1=6)
# chain line: 35835 sd:/wiistation/crash3_long_play.txt PadAutoAssign=1 ControllerType=0 PadType2=1
# recorded by WiiStation ("record"); port 1 has a controller (automatic assignment on, GameCube pad 1 seen)
23 0000
# recorded by WiiStation ("record"); port 2 has a controller (automatic assignment on, GameCube pad 2 seen)
p2 23 0000
# alive 300
469 4000
478 0000
# alive 600
# alive 900
1186 4000
1196 0000
# alive 1200
1392 4000
1404 0000
1485 4000
1494 0000
# alive 1500
1506 4000
1518 0000
# alive 1800
1924 4000
1932 0000
# alive 2100
2242 4000
2252 0000
2263 4000
2270 0000
2274 4000
2282 0000
2302 4000
2304 c000
2307 e000
2311 6000
2312 7000
2317 3000
2320 2000
2322 0000
2331 c000
2332 e000
2333 f000
2337 7000
2340 3000
2343 0000
# alive 2400
# alive 2700
# alive 3000
# alive 3300
# alive 3600
# alive 3900
# alive 4200
# alive 4500
# alive 4800
# alive 5100
# alive 5400
5595 0008
5603 0000
# alive 5700
# alive 6000
# alive 6300
# alive 6600
# alive 6900
# alive 7200
# alive 7500
# alive 7800
# alive 8100
# alive 8400
# alive 8700
# alive 9000
# alive 9300
# alive 9600
# alive 9900
9923 4000
9933 0000
9997 2000
10004 0000
10012 8000
10017 9000
10022 1000
10031 0000
10057 0008
10066 0000
# alive 10200
# alive 10500
10589 0020
10604 0030
10609 0010
10617 0030
10624 0010
10635 0030
10640 0010
10728 0810
10736 0010
10759 0810
10768 0010
10778 0090
# alive 10800
10808 0010
10812 0890
10816 4890
10821 4810
10826 4010
10827 0010
10828 0090
10839 0080
10844 0090
10848 0080
10849 0000
10863 0020
10891 0030
10896 0010
10904 0030
10925 0020
10939 4020
10944 0020
10958 0000
# alive 11100
# alive 11400
11467 4000
11475 0000
11601 2000
11608 0000
11650 0008
11659 0000
11680 0008
11688 0000
# alive 11700
11702 6000
11704 7000
11708 f000
11713 7000
11714 6000
11715 0000
# alive 12000
12190 0010
12202 0090
12224 0010
12239 0030
12247 0010
12263 0090
12272 8090
12273 8010
12280 0010
# alive 12300
12303 0030
12310 0020
12315 8020
12316 8060
12323 0060
12324 0040
12330 00c0
12346 0080
12351 0090
12354 0010
12377 0030
12384 0020
12393 0030
12396 0010
12401 0090
12412 0010
12419 4010
12427 4030
12438 4010
12439 0010
12442 0030
12450 0010
12465 0030
12473 0010
12504 4010
12509 4090
12523 4010
12524 0010
12538 0090
12543 0010
12557 4010
12559 4000
12564 0000
12575 0010
12579 0000
12593 0040
# alive 12600
12622 0000
12627 4000
12636 0000
12637 0040
12646 0000
12702 0010
12709 0000
12728 4000
12732 4010
12736 0010
12743 0000
12777 0010
12781 4010
12788 4000
12789 0000
# alive 12900
12950 0030
12985 0010
13007 0030
13017 0010
13051 0810
13060 4810
13070 4890
13077 4090
13083 0090
13090 0010
13160 0030
13167 0010
13172 4010
13178 0010
13186 8010
13187 8090
13189 8010
13193 0010
# alive 13200
13202 0090
13230 0010
13263 0030
13277 0010
13298 0810
13303 4810
13313 4890
13322 4090
13323 0090
13339 0010
13348 8010
13349 8090
13360 8010
13361 0010
13368 8010
13372 0010
13378 0030
13380 0020
13383 0060
13387 0040
13395 00c0
13407 0080
13409 0090
13410 0010
13414 0030
13432 0010
13436 0090
13446 0010
13460 0030
13467 0010
# alive 13500
13521 0810
13530 4810
13553 4010
13556 0010
13593 0030
13603 0010
13632 4010
13633 4030
13644 4010
13645 0010
13673 8010
13684 0010
13689 0030
13702 0010
13727 0030
13737 0010
13767 0030
13777 0010
13794 0030
# alive 13800
13804 0010
13828 0090
13850 0010
13887 8010
13915 0010
13920 0090
13928 0010
13967 8010
13986 8090
13987 0090
14003 0010
14009 0090
14023 0010
14048 0090
14061 0010
14071 8090
14084 8010
14090 8030
14097 0030
# alive 14100
14114 0010
14119 0090
14125 0010
14143 0030
14153 0010
14177 8010
14186 8030
14188 0010
14196 0090
14201 0010
14209 0030
14212 0010
14224 0030
14231 0010
14252 0030
14255 0010
14261 4010
14271 4030
14275 4010
14288 0010
14291 0030
14294 0010
14307 0030
14316 0010
14366 4010
14392 0010
# alive 14400
14407 0030
14424 0010
14456 0030
14466 0010
14566 0030
14573 0010
14581 0810
14588 4810
14605 4890
14610 4090
14613 0090
14617 0080
14620 00c0
14628 80c0
14631 8040
14634 8060
14639 0060
14643 0020
14656 0030
14663 8010
14668 8090
14673 0090
14679 0010
14683 0030
14689 0020
14690 8020
14693 8060
# alive 14700
14702 8040
14709 80c0
14714 8080
14715 8090
14717 0090
14719 0010
14740 0090
14751 0010
14755 0030
14769 0010
14778 0090
14798 0010
14830 0030
14843 0010
14850 0030
14854 8030
14869 8010
14882 8090
14889 0090
14901 0010
# alive 15000
15028 0030
15036 0010
15066 8010
15076 0010
15086 0090
15103 4090
15110 0090
15113 0010
15116 0000
# alive 15300
# alive 15600
15632 0020
15680 0030
15737 0020
15806 4020
15814 0020
15836 4020
15842 0020
15892 4020
15898 0020
# alive 15900
15960 8020
15965 0020
15992 4020
15998 0020
16007 8020
16016 8000
16033 0000
16036 0080
16045 0000
16063 0020
16075 8020
16077 8000
16082 0000
16108 0020
16136 4020
16149 c020
16171 4020
16172 0020
16195 8020
# alive 16200
16206 0020
16216 4020
16235 0020
16262 8020
16271 c020
16282 4020
16283 0020
16329 0060
16333 0040
16338 0060
16354 0020
16382 4020
16387 0020
16390 0000
16402 0020
16407 0000
16438 0040
16444 00c0
16460 0040
16461 0000
16495 0040
# alive 16500
16577 8040
16589 0040
16599 8040
16605 0040
16611 8040
16618 0040
16623 8040
16631 0040
16636 8040
16643 0040
16648 8040
16655 0040
16660 8040
16667 0040
16672 8040
16681 0040
16687 8000
16696 0000
16698 0010
16701 0030
16702 8030
16707 8020
16710 0020
16713 0060
16715 0040
16718 00c0
16723 0080
16727 0090
16732 0010
16733 0030
16738 0020
16742 0060
16745 0040
16747 00c0
16752 0080
16758 0090
16761 0010
16763 0030
16768 0020
16776 0060
16779 0040
16781 00c0
16788 0080
16794 0090
16798 0010
# alive 16800
16801 0030
16807 0020
16812 0060
16817 0040
16820 00c0
16834 0040
16842 0000
16878 0040
16918 0000
16937 0040
16945 0000
16953 0040
16963 0000
16977 0010
17073 0810
17081 4810
17096 0810
17097 0010
# alive 17100
17101 0090
17105 0810
17107 4810
17124 0010
17134 0810
17136 4810
17155 0010
17158 0090
17172 0010
17206 0030
17213 0010
17235 0030
17246 0010
17275 0810
17282 4810
17284 4830
17295 4810
17311 0010
17351 0030
17355 8030
17370 8010
17373 8090
17375 0090
17399 0010
# alive 17400
17466 0090
17470 8090
17477 8010
17480 0010
17485 8010
17486 8090
17494 0090
17495 0010
17500 8090
17506 0090
17509 0010
17512 0030
17529 0010
17535 0090
17541 0010
17583 0090
17590 0010
17591 8010
17602 0010
17607 0030
17617 0010
17618 4010
17621 4090
17631 0090
17639 0010
17647 8010
17651 8030
17670 8010
17676 0010
17686 4010
17698 c010
# alive 17700
17701 c030
17706 c020
17711 c060
17730 8060
17734 0060
17744 4060
17748 c060
17754 c040
17756 c0c0
17758 c080
17760 8080
17763 8090
17772 0090
17785 0080
17794 0090
17796 4090
17802 0090
17813 0010
17816 0030
17821 0010
17856 0030
17870 0010
17899 0030
17909 0010
17997 0090
# alive 18000
18005 0010
18023 0030
18057 0010
18062 0090
18072 0010
18076 0030
18081 0010
18094 0090
18108 0010
18112 0030
18133 0010
18136 0090
18155 0010
18156 0030
18164 0010
18168 0090
18176 0010
18179 0030
18187 0010
18232 8010
18246 0010
18266 0000
18268 0040
# alive 18300
18301 0060
18308 0020
18312 0030
18316 0010
18320 0090
18332 0010
18343 0030
18353 0010
18386 0810
18397 4810
18404 4890
18421 4090
18423 0010
18452 0030
18460 0010
18467 0030
18477 0010
18572 8010
18578 8030
18589 8010
18593 8090
# alive 18600
18608 0090
18627 0010
18702 8010
18709 8090
18713 0090
18719 0010
18791 0030
18813 0010
18824 0030
18835 0010
18852 0030
18867 0010
# alive 18900
18900 0030
18910 0010
18916 0090
18944 0010
18949 8010
18964 c010
18968 c090
18972 8010
18974 8030
18975 0030
18987 0010
19065 0030
19073 0010
19184 0030
19189 8030
19193 8010
# alive 19200
19204 8030
19211 8010
19212 0010
19239 8010
19247 8030
19251 0030
19253 0010
19257 8010
19258 8090
19263 0090
19281 0010
19311 0000
19425 0010
19436 4010
19449 0010
19493 0000
# alive 19500
# alive 19800
20041 0010
# alive 20100
20180 4010
20188 0010
20210 4010
20216 0010
20315 4010
20362 0010
# alive 20400
20405 0000
# alive 20700
20921 0010
# alive 21000
21098 0030
21105 0010
21124 0810
21143 4810
21153 4010
21156 0010
21211 0000
21285 0080
21289 0000
# alive 21300
21312 0080
21323 0000
21341 0080
21353 0000
21355 4000
21363 4020
21371 4000
21389 0000
21437 0080
21444 0000
21454 0080
21462 0000
21465 0080
21472 0000
21524 0020
21568 0000
# alive 21600
21630 0080
21669 0000
21678 0020
21698 0000
21711 0080
21718 0000
21741 8000
21757 8020
21762 8000
21786 8020
21796 8000
21813 8020
21839 8000
21871 0000
21878 0080
# alive 21900
21906 0000
21917 0020
21925 0000
21933 0020
21942 0000
21964 4000
21968 4020
21973 4000
21984 4080
21988 0080
21994 8080
22014 8000
22055 8020
22076 8000
22098 8080
22123 8000
22138 8080
22142 8000
22176 8080
22184 8000
22194 8020
# alive 22200
22203 c020
22204 c000
22212 8000
22213 8020
22214 0020
22238 0000
22246 0080
22276 0010
22278 0030
22279 0020
22308 0000
22314 0080
22320 0000
22327 0020
22333 0000
22338 0080
22343 4080
22357 0080
22362 0000
22367 0020
22412 0080
22457 0090
22459 0030
22460 0020
22484 0000
22485 0080
22497 0000
# alive 22500
22504 8000
22507 8020
22512 8000
22552 8020
22558 8000
22568 8020
22587 8000
22602 c000
22621 8000
22648 0000
22667 0080
22668 0090
22677 0010
22678 4010
22679 4000
22698 4080
22700 0080
22706 0000
22732 0080
22737 0000
22755 0080
22766 0000
22796 4000
# alive 22800
22811 4020
22824 4000
22825 4080
22833 0080
22852 8080
22853 8000
22882 8080
22887 8000
22912 8020
22915 0020
22924 0000
22960 0020
22965 0000
23035 0020
23043 0000
23069 4000
23091 4080
# alive 23100
23105 0080
23120 8080
23132 8000
23144 8080
23152 8000
23177 c000
23193 c020
23213 8020
23216 0020
23220 0000
23232 0020
23234 0000
23243 0020
23253 0000
23263 0020
23271 0000
23283 4000
23293 4080
23305 4000
23308 4080
23314 0080
23317 0000
23325 0080
23337 8080
23350 8000
23357 8080
23366 8000
# alive 23400
23417 8020
23419 0020
23482 0000
23504 0080
23512 0000
23522 0020
23532 0000
23557 0080
23592 4080
23593 4000
23596 4020
23624 0020
23641 0000
23648 0080
23658 0000
# alive 23700
23718 4000
23734 0000
23789 0080
23805 0000
23846 0080
23851 0000
23855 0020
23883 0000
23888 0020
23896 0000
23900 0080
23923 0000
23948 8000
23973 8080
23981 8000
# alive 24000
24022 8020
24027 8000
24063 8080
24070 8000
24080 8080
24090 8000
24100 c000
24104 c020
24119 8020
24143 8000
24177 0000
24185 0080
24192 0000
24217 0080
24224 0000
24231 0020
24239 0000
24247 0080
24251 0000
24260 0020
24267 0000
24276 0080
24284 0000
24297 0080
# alive 24300
24319 0000
24327 0080
24362 0000
24371 0020
24378 0000
24388 4000
24404 4080
24411 0080
24412 0000
24438 8000
24503 8020
24510 8000
24538 8020
24542 0020
24550 0000
24567 4000
24572 4020
24592 4000
24595 4080
# alive 24600
24608 0080
24622 0000
24633 0020
24664 0000
24676 0020
24683 0000
24717 0080
24743 8080
24750 8000
24764 8080
24766 8000
24790 8020
24837 8000
24845 8020
24861 8000
24865 0000
24883 0080
24897 0000
# alive 24900
24906 0080
24913 0000
24935 0020
24944 0000
24971 0080
24982 0000
25007 0020
25014 0000
25027 0080
25032 0000
25050 4000
25126 0000
25134 0080
25174 0010
25176 0030
25180 0020
# alive 25200
25212 0000
25213 00c0
25214 0080
25226 8080
25230 8000
25243 8080
25247 8000
25263 8080
25268 8000
25316 8080
25325 8000
25335 8080
25342 8000
25347 c000
25364 8020
25389 8000
25404 8020
25422 8000
25427 0000
25430 0080
25433 4080
25458 0080
25470 0000
25483 8000
# alive 25500
25517 8020
25524 8000
25568 c000
25649 4000
25650 0000
25788 0080
# alive 25800
25808 0000
26052 0080
26075 00c0
26082 0080
# alive 26100
26100 0090
26106 0010
26111 0030
26130 4030
26140 4010
26229 0010
26232 0000
# alive 26400
# alive 26700
# alive 27000
27289 0020
# alive 27300
27309 0030
27337 0010
27339 0090
27377 0010
27396 4010
27442 0010
27446 0000
# alive 27600
27885 0040
# alive 27900
28014 00c0
28016 0040
28022 8040
28033 0040
28073 0060
28079 0040
28112 0060
28125 0040
28149 0060
28152 8060
28165 8040
28167 80c0
28173 8080
28180 0080
28189 00c0
28190 80c0
28193 8040
28196 8060
28199 0060
# alive 28200
28204 8060
28210 8040
28212 00c0
28217 0080
28221 8080
28228 8090
28229 0090
28236 8090
28244 0090
28246 0080
28250 00c0
28251 80c0
28252 8040
28254 0040
28258 0060
28278 0040
28288 00c0
28298 0040
28318 0060
28322 0040
28328 00c0
28343 0040
28357 0060
28369 0040
28393 00c0
28414 0040
28418 0060
28426 0040
28432 00c0
28434 0040
28439 0060
28462 0040
28491 00c0
# alive 28500
28513 0040
28560 0840
28568 4840
28582 4860
28599 4060
28601 0060
28613 0040
28630 0840
28637 4840
28647 48c0
28657 4840
28665 0040
28692 0840
28700 4840
28722 4860
28746 4060
28747 0060
28755 0040
28762 0060
28764 0860
28770 0840
28772 4840
28792 48c0
# alive 28800
28801 00c0
28818 80c0
28847 00c0
28860 0040
28865 0840
28891 0040
28897 0060
28914 0040
28928 00c0
28930 80c0
28933 8040
28939 8060
28954 0060
28958 0040
28972 8040
28979 0040
28984 8040
28990 0040
29010 0840
29018 4840
29048 0040
29080 0840
29084 4840
# alive 29100
29118 0040
29134 00c0
29146 08c0
29157 0840
29158 4840
29185 0040
29214 0840
29229 4840
29250 4860
29254 0860
29256 0060
29272 0040
29287 0840
29289 0860
29299 4860
29325 4840
29327 0840
29328 0040
29355 0840
29366 4840
29394 4040
29395 0040
# alive 29400
29425 0840
29439 4840
29467 0840
29468 0040
29486 00c0
29492 08c0
29503 0840
29508 0860
29512 4860
29540 0860
29541 0060
29544 0020
29546 0030
29548 0010
29556 0020
29559 0060
29567 0040
29578 4040
29592 4060
29610 0040
29632 0840
29649 08c0
29652 48c0
29667 4840
29678 48c0
29680 08c0
29681 00c0
# alive 29700
29706 0040
29716 0840
29730 4840
29736 48c0
29751 4840
29757 0840
29758 0040
29762 0060
29777 0040
29796 0060
29811 0040
29824 0060
29835 0040
29841 00c0
29881 08c0
29886 48c0
29908 4840
29919 0840
29920 0040
29931 0060
29936 0040
29947 0060
29953 0040
29962 0060
29971 0040
29982 0840
29987 4840
# alive 30000
30003 4860
30022 0060
30031 0040
30052 00c0
30080 0040
30095 8040
30107 8060
30117 8040
30124 0040
30145 0060
30147 0040
30185 0840
30201 4840
30234 0040
30266 0060
30267 0860
30284 4860
30293 4840
# alive 30300
30312 0840
30314 0040
30322 0060
30352 0020
30359 8020
30379 0020
30399 4020
30428 0020
30449 4020
30471 0020
30476 0000
30477 0080
30492 0000
30494 0020
30498 0060
30505 0020
30524 4020
30539 0020
30547 8020
30556 0020
# alive 30600
30676 8020
30677 c020
30697 8020
30699 0020
30720 0030
30729 0010
30754 8010
30768 8030
30778 0030
30795 0010
30797 0030
30810 0010
30862 0810
30881 4810
# alive 30900
30907 0810
30908 0010
30942 0810
30960 4810
30988 0810
30990 0010
31020 0090
31026 4090
31056 0090
31059 0010
31091 0030
31101 0010
31106 0030
31119 0010
31135 0810
31143 4810
31176 0810
31179 0010
# alive 31200
31255 0030
31263 0010
31284 8010
31315 0010
31324 0030
31336 0010
31382 4010
31408 c010
31411 8010
31434 0010
31462 0090
31475 0010
31480 0030
31487 0010
# alive 31500
31500 0090
31516 0010
31519 0810
31526 4810
31554 0090
31566 0010
31598 8010
31625 0010
31626 0090
31637 0010
31691 8010
31706 8030
31714 0030
31732 8030
31746 0030
31751 0010
31754 0090
31766 0010
31774 0090
31775 8090
31784 8010
31791 0010
# alive 31800
31810 0030
31829 0010
31869 4010
31890 4030
31892 0030
31897 0010
31898 8010
31928 0010
31947 0090
31958 0010
31981 0810
31997 4890
32015 4810
32025 0010
32031 0030
32034 0010
32074 0090
32084 0010
32092 0810
32096 4810
# alive 32100
32135 0810
32137 0010
32160 0090
32173 0010
32194 8010
32226 0010
32249 0000
32258 0010
32259 0030
32265 0010
32299 0030
32311 0010
32327 0810
32341 0830
32345 4830
32365 4810
32373 0010
32395 0030
# alive 32400
32402 0010
32412 0090
32424 8090
32449 0090
32452 4090
32474 0090
32475 0010
32478 0090
32486 0080
32490 00c0
32492 0040
32494 0000
32498 0040
32510 00c0
32514 0000
32523 0010
32539 4010
32570 0010
32586 0030
32595 0010
32599 0090
32602 8010
32624 8030
32636 0030
32644 0010
32651 0090
32675 0010
# alive 32700
32718 0030
32733 0020
32877 4020
32906 0020
32931 4020
32943 0020
32967 4020
32990 4000
32998 0000
32999 0080
# alive 33000
33024 4080
33058 0080
33060 0000
33070 0020
33080 0000
33101 0020
33102 4020
33146 4000
33172 4020
33178 4000
33185 4080
33202 4000
33215 4020
33221 0020
33230 4020
33267 4000
33278 0000
33286 4000
33290 4020
# alive 33300
33302 c020
33326 4020
33328 0020
33329 0000
33340 0020
33342 4020
33346 c020
33356 c000
33357 c080
33374 4080
33377 0080
33402 4080
33408 c080
33443 4080
33447 0080
33463 0020
33486 0820
33495 4820
33513 c820
33528 c800
33535 c820
33537 c020
33538 0020
33560 4020
33594 0020
# alive 33600
33611 0060
33651 0040
33722 8040
33739 0040
33758 0060
33759 8060
33780 0060
33786 0020
33787 8020
33794 8030
33798 8010
33800 8090
33804 0090
33813 8090
33820 8010
33822 0030
33827 8030
33828 8020
33833 8060
33835 0060
33861 0040
33867 00c0
33873 0040
33879 0060
33885 0040
33894 0840
# alive 33900
33908 4840
33949 0840
33950 0040
33952 00c0
33969 80c0
33990 8040
33992 8060
33997 0060
34008 0020
34014 8020
34032 8060
34034 0060
34036 0040
34039 00c0
34066 0040
34070 0060
34080 0040
34107 0060
34127 0040
34132 00c0
34139 08c0
34153 0840
34157 4840
34158 4860
34187 4060
34188 0060
# alive 34200
34202 0040
34209 0060
34217 0040
34219 0840
34229 0860
34233 4860
34254 4840
34258 0840
34259 00c0
34292 08c0
34307 48c0
34339 08c0
34340 00c0
34349 0040
34364 4040
34376 40c0
34382 4040
34390 0040
34408 8040
34418 0040
# alive 34500
34501 0060
34507 4060
34512 4040
34519 4060
34526 4040
34531 40c0
34534 4040
34536 4060
34542 0060
34563 0040
34583 0060
34589 8060
34603 8040
34611 0040
34625 0060
34635 0040
34645 00c0
34665 0040
34671 0060
34677 0040
34711 0060
34722 0040
34757 4040
34772 4060
34787 0060
34791 8060
# alive 34800
34813 0060
34814 0040
34825 4040
34852 40c0
34856 00c0
34880 40c0
34916 4040
34917 0040
34930 00c0
34942 0040
34957 0060
34963 0040
34995 00c0
35010 0040
35038 0060
35066 0040
35089 4040
# alive 35100
35127 0040
35218 0060
35229 0040
35275 0060
35291 0040
35333 00c0
35349 0040
35358 0060
35362 4060
35382 4040
35394 0040
35399 0060
# alive 35400
35413 0040
35418 4040
35436 0040
35454 00c0
35483 0040
35493 00c0
35507 80c0
35517 8040
35523 0040
35526 0060
35537 8060
35548 0060
35552 8060
35562 0060
35565 0040
35567 8040
35572 80c0
35576 0040
35603 4040
35617 40c0
35622 4040
35626 0040
35637 00c0
35642 0000
35657 0080
35658 0090
35662 0010
35680 4010
# alive 35700
35711 0010
35715 0030
35732 4010
35744 4810
35769 4010
35770 0010
35775 0000
