# Crash Bash: played by hand, recorded 2026-09-22 with scripts/movie_capture.sh
# folder: sd:/wiisxrx/isos/Crash Bash
# cue: Crash Bash [U] [SCUS-94570].cue
# vblanks: 7200
# build: commit 75b60ac, debug, WiiSXRX_debug.dol, 2026-09-22 20:26:04, sha1 c6edeae85229e5f5b13426fd828649b4fee054d0
#   (if it drifts on a later build: build that commit and pass the DOL with --dol)
# settings: gpuPlugin=2 FPS=1 PadType1=1 PadAutoAssign=0 
# pad: ControllerType=0 (digital pad); Dolphin: port 1 keyboard GameCube pad, port 2 GameCube pad (SIDevice1=6)
# chain line: 7200 sd:/wiisxrx/crash_bash_play.txt PadAutoAssign=1 ControllerType=0
# recorded by WiiStation ("record"); port 1 has a controller (automatic assignment on, GameCube pad 1 seen)
2 0000
457 4000
468 6000
472 2000
477 0000
582 0008
590 0000
757 0008
767 0000
780 2000
786 6000
791 4000
798 0000
809 2000
813 6000
819 4000
821 c000
824 8000
827 0000
832 2000
835 6000
840 c000
846 8000
847 0000
980 2000
985 6000
992 c000
997 8000
998 8008
999 0008
1007 0000
1241 2000
1246 6000
1253 4000
1255 4008
1256 0008
1265 0000
1305 8000
1318 0000
1501 2000
1504 6000
1511 c000
1516 8000
1517 0000
1547 0008
1553 0000
2108 0040
2116 0000
2150 0040
2159 0000
2205 0010
2214 0000
2305 4000
2316 0000
2358 0040
2364 0000
2371 0040
2375 0000
2381 0040
2385 0000
2394 0040
2396 0000
2404 0040
2410 0000
2546 4000
2556 0000
2608 0020
2618 0000
2643 0080
2653 0000
2667 0080
2674 0000
2693 4000
2703 0000
2722 0020
2732 0000
2742 0020
2747 0000
2755 0020
2763 0000
2803 0080
2813 0000
2819 0020
2829 0000
2830 0080
2840 00c0
2843 0040
2846 0060
2849 0020
2851 0000
3118 2000
3120 6000
3130 4000
3135 0000
3144 4000
3156 0000
3163 2000
3171 6000
3178 c000
3183 8000
3188 0000
3452 2000
3462 a000
3465 8000
3474 0000
3479 2000
3483 6000
3485 4000
3486 c000
3491 8000
3494 0000
3498 2000
3503 6000
3506 c000
3508 8000
3511 0000
3517 2000
3519 6000
3522 c000
3524 8000
3526 0000
3532 2000
3535 6000
3539 c000
3541 8000
3544 0000
3549 2000
3552 6000
3556 c000
3558 8000
3560 0000
3568 2000
3570 0000
