# Spyro the Dragon: played by hand, recorded 2026-09-22 with scripts/movie_capture.sh
# folder: sd:/wiistation/isos/Spyro the Dragon
# cue: Spyro the Dragon [NTSC-U] [SCUS-94228].cue
# vblanks: 14400
# build: commit 75b60ac, debug, WiiSXRX_debug.dol, 2026-09-22 20:26:04, sha1 c6edeae85229e5f5b13426fd828649b4fee054d0
#   (if it drifts on a later build: build that commit and pass the DOL with --dol)
# settings: gpuPlugin=2 FPS=1 PadType1=1 PadAutoAssign=0 
# pad: ControllerType=0 (digital pad); Dolphin: port 1 keyboard GameCube pad, port 2 GameCube pad (SIDevice1=6)
# chain line: 14400 sd:/wiistation/spyro_the_dragon_play.txt PadAutoAssign=1 ControllerType=0
# recorded by WiiStation ("record"); port 1 has a controller (automatic assignment on, GameCube pad 1 seen)
1 0000
553 0008
561 0000
835 0008
843 0000
857 0008
863 0000
869 0008
875 0000
881 0008
887 0000
1002 0008
1007 0000
1044 0008
1049 0000
1073 0080
1081 0000
1091 0008
1097 0000
1104 0008
1111 0000
1131 0008
1136 0000
1148 0008
1155 0000
2111 0008
2122 0000
2136 0008
2141 0000
2795 2000
2816 2020
2821 0020
2826 0000
2869 4000
2896 0000
2924 8000
2941 0000
2953 8000
2977 8080
2987 80a0
2988 8020
3008 8000
3011 8080
3051 8000
3057 a000
3067 8000
3089 c000
3099 8000
3107 8080
3143 8000
3187 a000
3196 8000
3200 8080
3203 c080
3209 c000
3215 8000
3236 8080
3254 8000
3260 c000
3270 8000
3287 8080
3305 8000
3308 c000
3314 8000
3339 8020
3349 c020
3362 8020
3371 8000
3380 c000
3402 8000
3415 0000
3435 0010
3453 4010
3474 0000
3493 0020
3501 0000
3506 8000
3571 8020
3577 8000
3606 0000
5217 0080
5229 0090
5233 0010
5253 0000
5261 0080
5277 0090
5293 0010
5345 0030
5359 0010
5370 0020
5380 0000
5394 0020
5413 0000
5478 0080
5516 4080
5522 6080
5540 2080
5556 2000
5586 2080
5594 0080
5604 8080
5635 8000
5645 8020
5669 8000
5681 8080
5701 8000
5703 c000
5715 8000
5765 8020
5771 8000
5834 8020
5853 8000
5879 8080
5888 8000
5908 8020
5948 8000
5971 8020
5979 8000
6004 8020
6016 8000
6029 8080
6032 0080
6104 0000
6537 8000
6837 0000
6864 0020
6920 8020
6933 8000
6943 8080
6988 0080
7023 8080
7027 8000
7045 8020
7088 8000
7101 8020
7110 8000
7116 8080
7145 8000
7153 8080
7202 8000
7212 8020
7224 8000
7248 8020
7259 8000
7290 8080
7300 8000
7308 8080
7315 8000
7326 8080
7356 8000
7415 8020
7423 8000
7440 8080
7446 8000
7465 8020
7469 8000
7503 8080
7505 8000
7528 8080
7533 8000
7546 8020
7556 8000
7579 8020
7593 8000
7614 8080
7624 8000
7666 8080
7677 8000
7696 8020
7710 8000
7734 8020
7743 8000
7755 8080
7776 8000
7800 8080
7820 8000
7826 8080
7845 8000
7868 8080
7881 8000
7904 8080
7919 8000
7923 8080
7933 8000
7964 8080
7976 8000
7984 8080
8011 8000
8016 8080
8023 0080
8063 0000
8069 0080
8081 8080
8083 8000
8089 8080
8094 8000
8101 8020
8171 0020
8210 4020
8214 4000
8225 0000
8272 2000
8287 0000
8306 0040
8313 0000
8318 2000
8329 0000
8337 2000
8343 0000
8345 0040
8359 0000
8360 2000
8369 0000
8375 2000
8384 0000
8410 0040
8418 0000
8428 0080
8434 0090
8475 0010
8497 0030
8510 0010
8531 0000
8845 2000
8849 6000
8857 4000
8861 0000
9041 0080
9060 00c0
9084 0080
9094 0090
9105 0080
9120 00c0
9155 0080
9164 0090
9178 0010
9193 8010
9235 8000
9241 8020
9253 8000
9301 8080
9306 8000
9322 8020
9329 8000
9358 8080
9362 8000
9417 8020
9420 8000
9443 0000
9450 2000
9460 0000
9466 2000
9472 0000
9503 0010
9514 0000
9541 0010
9551 0000
9569 0010
9580 0000
9589 2000
9612 0000
9620 0040
9645 2040
9647 2000
9656 0000
9686 2000
9704 0000
9705 0080
9717 2080
9718 2000
9732 0000
9770 0010
9788 0000
9792 8000
9811 8080
9825 8000
9851 8020
9862 8000
9896 8020
9902 8000
9919 8080
9928 8000
9964 8020
9970 8000
10012 8080
10021 8000
10067 8080
10076 8000
10116 8080
10128 8000
10203 8020
10213 8000
10226 8020
10243 8000
10258 8080
10278 8000
10326 8080
10337 8000
10347 8020
10380 8000
10399 8020
10417 0020
10432 8020
10440 8000
10450 8080
10457 0080
10478 00c0
10483 0040
10529 0000
10670 0080
10684 0000
10695 0080
10738 0000
10782 2000
10787 6000
10794 4000
10797 0000
10803 2000
10811 0000
10813 8000
10822 0000
10828 2000
10832 6000
10839 4000
10843 0000
10846 2000
10852 6000
10857 c000
10861 8000
10864 0000
10865 2000
10871 6000
10874 c000
10881 4000
10882 6000
10894 c000
10904 4000
10905 6000
10910 2000
10918 6000
10924 4000
10925 c000
10927 8000
10929 0000
10930 2000
10934 6000
10938 c000
10939 8000
10941 0000
10945 6000
10951 c000
10954 0000
10960 2000
10966 0000
11130 0010
11157 0090
11161 0080
11172 8080
11187 8000
11205 a000
11231 8000
11240 0080
11264 0000
11271 0010
11275 8010
11277 8000
11287 8020
11316 0020
11348 2020
11350 6020
11352 4020
11366 0020
11383 8020
11387 8000
11400 8080
11435 8000
11510 c000
11520 8000
11538 8080
11547 8000
11572 c000
11581 8000
11594 c000
11603 8000
11636 8020
11643 8000
11657 8020
11666 8000
11689 8020
11698 8000
11780 8020
11787 8000
11850 8020
11856 8000
11884 8020
11894 8000
11929 8020
11937 8000
11962 8020
11981 8000
11993 8020
12008 8000
12034 8080
12050 8000
12064 8080
12074 8000
12110 8020
12115 8000
12156 8080
12165 8000
12182 0000
12400 2000
12404 6000
12411 4000
12416 0000
12420 2000
12424 0000
12435 8000
12444 a000
12446 2000
12453 6000
12456 4000
12457 c000
12467 4000
12468 0000
12567 0040
12580 0000
12582 0040
12606 2000
12619 2020
12622 0020
12636 0000
12646 2000
12656 0000
12661 2000
12669 2020
12670 0020
12679 2020
12683 2000
12688 0000
12702 0080
12721 0000
12725 0020
12754 2020
12760 6020
12762 4020
12767 c020
12768 8020
12781 0020
12795 0000
13079 2000
13087 6000
13091 4000
13093 c000
13097 8000
13099 0000
13105 6000
13111 c000
13115 8000
13119 0000
13121 2000
13123 6000
13129 c000
13133 8000
13135 2000
13141 6000
13145 c000
13147 8000
13151 0000
13153 2000
13155 6000
13161 c000
13164 8000
13165 0000
13168 2000
13172 6000
13177 4000
13179 8000
13183 0000
13185 2000
13189 6000
13193 c000
13195 8000
13199 0000
13434 0020
13469 8020
13493 8000
13515 8080
13518 0080
13586 00c0
13592 0040
13606 00c0
13607 0080
13626 0090
13631 0010
13647 8010
13671 8030
13679 8010
13714 8000
13722 8080
13733 8000
13760 8080
13772 8000
13779 8080
13829 8000
13833 8020
13892 8000
13923 8020
13933 8000
13964 0000
14147 2000
14151 6000
14158 c000
14163 8000
14167 0000
14295 8000
14354 0000
14358 8000
14393 8080
