# Spyro the Dragon: played by hand, recorded 2026-09-30 19:08:23 with scripts/movie_capture.sh
# folder: sd:/wiisxrx/isos/Spyro the Dragon
# cue: Spyro the Dragon [NTSC-U] [SCUS-94228].cue
# vblanks: 36000
# build: commit b845648, debug, WiiSXRX_debug.dol, 2026-09-30 18:39:22, sha1 e47a105404d79828ef875ffe35632c4f8be09f4d
#   (if it drifts on a later build: build that commit and pass the DOL with --dol)
# settings: gpuPlugin=2 FPS=1 PadType1=1 PadAutoAssign=0 
# pad: ControllerType=0 (digital pad); Dolphin: port 1 keyboard GameCube pad, port 2 GameCube pad (SIDevice1=6)
# chain line: 36000 sd:/wiistation/spyro_long_play.txt PadAutoAssign=1 ControllerType=0 PadType2=1
# recorded by WiiStation ("record"); port 1 has a controller (automatic assignment on, GameCube pad 1 seen)
1 0000
# recorded by WiiStation ("record"); port 2 has a controller (automatic assignment on, GameCube pad 2 seen)
p2 1 0000
# alive 300
# alive 600
831 0008
842 0000
873 4000
882 0000
# alive 900
1010 4000
1020 0000
1081 4000
1086 0000
1153 4000
1163 0000
1170 4000
1178 0000
# alive 1200
# alive 1500
# alive 1801
# alive 2101
2147 0008
2157 0000
2177 0008
2184 0000
# alive 2401
# alive 2701
2793 8000
2919 0000
# alive 3001
3224 4000
3232 0000
3258 2000
3265 0000
3294 0008
# alive 3301
3303 0000
# alive 3601
# alive 3901
# alive 4202
4276 8000
4295 c000
4306 c080
4323 c000
4327 8000
4342 8020
4365 8000
4373 8080
4401 8000
4492 8080
# alive 4502
4502 8000
4509 8080
4518 8000
4525 8080
4556 8000
4569 8020
4593 8000
4605 8080
4612 8000
4668 0000
# alive 4802
# alive 5102
5271 8000
# alive 5402
5428 8020
5435 8000
5463 c000
5467 c080
5480 c000
5490 0000
5491 0020
5504 0000
5514 0010
5515 0090
5520 4090
5522 4010
5543 4030
5547 0030
5559 0010
5562 0030
5568 0010
5571 0090
5579 0010
5581 4030
5603 0030
5609 4010
5618 0010
5625 0090
5632 0080
5637 8000
5646 0040
5647 0060
5663 4060
5694 0000
5695 0080
# alive 5702
5712 8080
5741 8000
5756 8020
5776 8000
5782 8080
5811 8000
5840 8020
5848 8000
5858 8080
5865 8000
5877 8020
5897 8000
5921 c080
5924 c000
5948 8000
5964 0000
5974 0010
5984 4010
# alive 6002
6005 0000
6010 8000
6024 8080
6032 8000
6050 8020
6056 8000
6061 0000
6066 0080
6069 2080
6070 2090
6077 2010
6078 0010
6084 0000
6093 0080
6112 00c0
6115 0080
6120 8080
6129 0080
6133 0000
6141 0020
6191 0030
6193 0010
6203 0030
6216 0020
6240 0030
6247 0020
6255 0030
6258 0010
6263 8010
6270 8030
6273 8020
6281 8030
6282 0030
6288 0020
6297 0030
6300 0010
# alive 6302
6307 8010
6310 8030
6315 8020
6381 8000
6411 8080
6442 c080
6448 c000
6467 8020
6475 8000
6486 8080
6493 c080
6509 c000
6511 8000
6525 8080
6550 8000
6560 8080
6565 8000
6574 8020
6588 8000
6593 8080
# alive 6602
6633 8000
6644 8020
6649 8000
6688 8020
6698 8000
6706 8080
6745 8000
6756 0000
6763 0040
6812 8040
6845 0040
6846 0000
6858 0030
6869 0010
6881 4010
# alive 6902
6906 4030
6908 0030
6910 0010
6914 0090
6917 0080
6924 00c0
6930 0040
6942 0000
7000 0080
7002 00c0
7005 0000
7012 0800
7047 0000
7070 0080
7085 0000
7124 0080
7153 0000
7171 0010
7176 0090
7178 0010
7187 8010
7199 8000
7200 0000
# alive 7202
7210 0040
7257 4040
7289 0040
7319 4040
7351 0040
7355 4040
7379 4000
7383 0000
7390 0010
7401 0000
7410 0040
7451 4040
7475 0040
7495 0000
# alive 7502
7505 0010
7545 2010
7554 0010
7576 0030
7577 0020
7584 0000
7595 0020
7616 0000
7628 0090
7666 0010
7687 8010
7708 8090
7720 8010
7726 8000
7737 8020
7749 8000
7764 8080
7771 8000
# alive 7802
7811 0000
7830 2000
7839 2020
7840 0020
7850 0000
7882 0020
7911 2020
7919 2000
7921 0000
7955 0090
7971 8090
7983 8010
7993 8030
7996 8020
8011 8000
8039 0000
8044 0010
8046 2010
8050 2090
8054 2010
8055 0010
8061 2010
8067 0010
8081 0090
8084 8090
8090 8010
8101 8000
# alive 8102
8103 0000
8114 0080
8128 0000
8131 0010
8146 8010
8165 8030
8171 8020
8174 8030
8175 c030
8179 c010
8187 c030
8188 8030
8189 8020
8190 8000
8201 8020
8209 8000
8226 c000
8236 c080
8246 8080
8247 8000
8254 8080
8258 8000
8266 8020
8284 0020
8312 0000
# alive 8402
8700 4000
# alive 8702
8712 0000
8869 0020
8871 2020
8876 2000
8880 0000
8895 2000
8898 2020
8900 0020
8907 0000
8924 0020
8934 0000
8960 0090
8975 4090
8985 4010
8988 0010
8995 0090
# alive 9002
9017 4090
9021 4010
9026 0010
9044 0030
9049 0010
9052 1010
9060 0010
9089 0090
9113 0010
9120 0090
9131 0010
9134 0030
9140 0020
9156 4020
9169 4060
9173 0060
9175 0040
9181 0060
9184 0020
9207 0000
9216 0040
9217 0060
9223 0020
9228 0000
9238 0020
9258 4020
9262 4030
9284 0030
9285 0020
# alive 9302
9302 0060
9306 4060
9319 4020
9320 0020
9339 0030
9346 0010
9359 0090
9362 4010
9377 4030
9386 0030
9389 0010
9396 4010
9404 4090
9412 0090
9421 0010
9439 8010
9453 8000
9462 8080
9487 8000
9493 8080
9560 0080
9566 0000
9575 0010
9579 0030
9581 0020
# alive 9602
9611 8020
9613 8030
9615 8010
9620 8090
9629 8080
9678 c080
9681 c090
9692 c010
9693 c000
9697 4000
9698 0000
9707 4000
9713 4080
9714 0080
9739 0090
9751 4090
9762 4080
9775 0080
9781 4080
9790 0080
9791 0090
9793 0080
9798 0000
9804 0010
9826 4010
9843 0010
9850 4010
9859 0010
9872 0090
9874 0000
9901 0040
# alive 9902
9902 0060
9944 0040
10002 0000
10026 0020
10037 0030
10040 4030
10072 0010
10076 0090
10088 0080
10099 4080
10139 0080
10155 0090
10160 0010
10183 0030
10192 0010
10197 0030
# alive 10202
10205 4030
10224 4010
10228 0010
10245 8010
10249 8030
10255 8020
10257 8000
10265 8020
10270 8000
10278 8080
10291 0080
10301 8080
10305 8000
10320 8030
10324 8020
10347 8000
10353 c000
10380 8000
10384 0000
10393 0010
10418 4010
10435 4090
10436 0090
10446 0010
10457 0090
10468 0010
10473 4010
10474 4090
10486 4010
10497 0010
# alive 10502
10514 0090
10522 0010
10525 0030
10530 0010
10541 4010
10564 0010
10568 0090
10571 8090
10576 8080
10578 8000
10597 8080
10603 8000
10637 8020
10644 8000
10654 8010
10658 0010
10667 4010
10687 0010
10693 8010
10708 8000
10718 8020
10731 8030
10734 0030
10741 4030
10761 4010
10762 0010
10765 0090
10767 8090
10772 8010
10776 0010
10785 0030
10794 4030
# alive 10802
10806 4010
10817 0010
10833 0030
10849 0010
10854 4010
10859 4030
10868 0030
10877 8030
10880 8010
10896 8090
10906 c010
10911 c000
10930 c020
10933 8020
10937 0020
10940 0030
10942 0010
10948 0090
10950 0010
10965 0030
10974 4030
10992 4010
10994 0010
10995 0090
10999 8090
11010 8010
11011 8000
11019 8080
11031 8000
11053 8080
11068 8000
11098 8080
# alive 11102
11104 0080
11154 00c0
11170 0080
11174 8080
11193 8000
11206 8020
11212 8000
11220 8080
11227 8000
11243 8020
11277 0020
11285 2020
11293 0020
11300 0000
11306 0080
11342 8080
11385 8000
11400 8020
# alive 11402
11412 8000
11427 0010
11436 4010
11453 0010
11499 4030
11511 0030
11514 0010
11531 0090
11536 0010
11537 0000
11551 0010
11555 4010
11556 4030
11564 4010
11568 0010
11582 0000
11591 0030
11600 0000
11610 0010
11613 0090
11614 4090
11630 0090
11632 0010
11648 0000
11653 8000
11667 8080
11686 8000
11696 8080
# alive 11702
11708 0080
11726 8080
11735 0080
11739 0000
11751 0020
11783 8020
11794 0020
11805 2020
11811 2030
11812 0030
11815 0010
11818 0090
11848 0010
11850 0000
11859 0020
11885 8020
11918 0020
11945 0030
11948 0010
11951 0090
11955 2090
11960 2010
11965 0010
11970 2010
11974 2090
11978 0090
11982 0080
# alive 12002
12013 2080
12019 20c0
12022 00c0
12028 2040
12035 0040
12040 0060
12042 2060
12046 2020
12047 0020
12051 0000
12064 0010
12074 0030
12097 0020
12126 0030
12129 2030
12131 2010
12135 2090
12152 2010
12156 2030
12158 0030
12160 0020
12186 0000
12199 0080
12245 2080
12264 2090
12273 2010
12277 0010
12294 2010
12299 2090
# alive 12302
12303 0090
12314 0010
12318 4010
12326 4030
12338 0030
12340 0010
12360 0030
12367 0020
12381 4020
12393 0020
12431 0030
12440 4030
12450 4010
12457 0010
12463 0030
12469 0020
12479 0030
12484 0010
12502 0030
12503 4030
12509 4020
12512 4030
12518 0030
12537 8030
12547 8010
12549 8090
12556 8080
12557 8000
12563 8080
12566 0080
12579 0000
12587 4000
12588 4060
# alive 12602
12618 4020
12621 0020
12627 0030
12636 0010
12645 8010
12650 8090
12652 8010
12656 8030
12657 8020
12679 0020
12685 8020
12698 0020
12711 0030
12718 4030
12741 0030
12750 0010
12756 0030
12757 8030
12764 8010
12767 8000
12777 8020
12784 8000
12798 8020
12829 8000
12853 8020
12877 8000
12901 8080
# alive 12902
12904 8000
12947 0000
13124 4000
13133 0000
13137 4000
13145 0000
# alive 13202
13263 0010
13289 8010
13312 8090
13315 8080
13327 8000
13354 0000
13355 0020
13361 0000
13362 0040
13376 4040
13408 00c0
13437 0040
13440 0060
13457 0020
13465 0030
13470 0010
13483 0000
# alive 13502
13502 0080
13531 0000
13650 4000
13656 0000
13761 4000
13770 0000
13785 0030
# alive 13802
13818 0010
13822 0090
13826 0010
13831 4030
13838 0030
13841 0010
13844 0030
13857 0010
13861 0090
13868 0010
13875 0030
13901 0010
13907 0090
13917 0010
13925 0090
13933 0010
13935 0030
13939 0020
13958 0030
13960 0010
13963 0090
13991 0080
13996 0090
14016 0080
14024 00c0
14043 0040
14053 4040
14062 0040
14068 00c0
14077 0040
14082 00c0
14084 0000
# alive 14102
14284 4000
14290 0000
14367 4000
14374 0000
# alive 14403
14403 4000
14451 0000
14457 2000
14505 0000
14517 8000
14531 0000
# alive 14703
14711 8000
14757 0000
14767 0020
14787 0030
14803 0010
14813 0030
14830 0010
14850 0090
14869 0080
14872 00c0
14874 0040
14916 00c0
14924 0040
14940 00c0
14953 0080
14957 0090
14968 0010
14988 2010
14994 2090
14998 0080
15001 2080
15002 0080
# alive 15003
15004 0000
15021 0080
15022 2080
15030 0080
15031 0000
15061 0080
15071 0000
15083 0080
15107 0000
15116 0020
15155 8020
15196 8030
15198 8010
15200 8090
15201 8080
15254 8000
15264 8020
15279 8000
15288 8020
15293 8000
15296 8080
15301 0090
# alive 15303
15309 0010
15316 0090
15323 0010
15326 0030
15330 0020
15337 8020
15374 8000
15375 8080
15391 8090
15393 8080
15395 8000
15403 8020
15421 8000
15439 8080
15448 8000
15494 8020
15507 8000
15519 8080
15563 8000
15576 8020
15581 8000
# alive 15603
15627 8080
15632 8000
15671 8020
15675 8000
15703 8020
15709 8000
15779 c000
15793 c080
15799 c000
15803 8000
15818 0000
# alive 15903
15985 4000
15998 0000
16155 0080
16163 0090
16166 0080
16201 0090
# alive 16203
16220 0010
16233 0030
16246 0010
16250 0090
16255 2010
16264 2090
16272 2010
16278 0010
16286 0030
16299 0010
16304 0090
16342 2090
16361 0090
16365 0010
16378 0090
16406 8090
16429 8080
16446 8090
16449 8010
16453 8030
16459 8010
16463 8000
16477 8080
16483 0080
# alive 16503
16512 8080
16525 8000
16528 0000
16534 0080
16548 0090
16552 0010
16553 0000
16559 0020
16590 2020
16593 2030
16598 2020
16601 0020
16604 0030
16632 0010
16633 0000
16664 0010
16665 0090
16681 8090
16706 8010
16710 8030
16711 8020
16714 0020
16730 0000
16732 0080
16738 0090
16759 8090
16768 8010
16787 0010
# alive 16803
16803 0090
16828 8090
16844 8010
16851 8090
16861 8080
16902 8000
16915 8020
16990 8000
17002 8080
17016 8000
17046 c000
17102 c080
# alive 17103
17116 c000
17135 c020
17149 c000
17162 c080
17180 c000
17209 c020
17217 c000
17223 c020
17234 c000
17255 8000
17256 0000
17382 4000
17391 0000
17396 4000
# alive 17403
17403 0000
17407 4000
17417 0000
17421 4000
17443 0000
17450 4000
17457 0000
17461 4000
17470 0000
17480 3000
17490 f000
17503 3000
17511 2000
17512 0000
17527 0008
17539 0000
17591 8000
# alive 17703
17987 0000
17989 0020
# alive 18003
18004 0060
18015 0040
18022 0060
18028 0040
18046 8040
18050 80c0
18054 8040
18063 80c0
18067 8080
18071 8000
18081 0000
18084 0020
18088 0030
18092 0010
18102 0030
18106 0010
18111 0090
18112 8090
18117 0090
18122 0080
18140 0090
18147 8090
18156 8010
18164 8030
18168 8020
18172 8000
18174 8080
18177 8090
18180 8080
18186 0080
18202 00c0
18207 0040
18209 00c0
18223 0040
18229 0060
18235 0020
18256 0060
18279 8060
18283 0060
18287 0040
18288 0000
18296 0080
# alive 18303
18313 0090
18340 8090
18347 8010
18351 8000
18359 8020
18374 8000
18382 8080
18391 8000
18452 8020
18455 0020
18487 0060
18493 0040
18513 0060
18515 0040
18516 0000
18517 0010
18519 0090
18527 0010
18552 8010
18558 8090
18570 8010
18576 8090
18584 8080
18599 8090
# alive 18603
18610 8080
18615 0080
18631 0090
18636 0010
18648 0030
18653 8030
18666 0030
18671 2010
18672 2090
18678 0090
18694 0010
18710 8010
18733 8000
18740 8020
18753 8000
18765 8080
18773 0080
18804 8080
18806 8090
18809 8010
18813 8030
18816 8020
18831 8000
18839 8020
18846 8000
18862 8080
18885 8000
18897 8020
# alive 18903
18906 8000
18922 8020
18930 8000
18936 8020
18970 8000
18986 8080
18993 0080
19005 8080
19019 8000
19037 8020
19056 8000
19067 8080
19081 0080
19106 8080
19131 8000
19144 8080
19164 0080
19181 2040
19185 0060
# alive 19203
19212 8060
19215 8040
19220 0040
19230 8040
19235 0000
19246 0090
19265 0010
19273 0090
19283 8090
19299 8010
19306 8000
19316 8020
19326 8000
19349 8080
19384 8000
19391 0000
19399 2000
19409 0010
19413 0030
19419 0020
19441 8020
19443 0020
19460 0030
19463 0010
19473 0030
19481 2030
19484 2020
19488 0020
19495 0060
# alive 19503
19503 0040
19514 00c0
19517 0080
19539 00c0
19544 0040
19547 00c0
19564 0080
19571 8080
19575 80c0
19578 00c0
19579 0040
19586 0060
19589 0020
19615 0000
19617 0080
19643 00c0
19646 0040
19649 0060
19669 0020
19682 8020
19684 8060
19708 8020
19718 8010
19721 8000
19746 8080
19767 0080
19783 0090
19786 0010
19793 0090
19796 8090
# alive 19803
19809 8080
19813 8090
19817 8010
19818 8020
19839 8000
19841 8090
19843 8080
19846 8000
19887 8010
19889 0010
19890 0090
19898 2090
19901 2010
19911 0010
19928 0000
19960 0010
19968 0030
19982 8030
19983 8010
19985 8030
19991 8010
19996 8090
20008 8080
20011 8000
20018 8080
20027 8000
20055 8080
20062 8000
# alive 20103
20137 8020
20161 0020
20185 8020
20191 0020
20193 0060
20196 0040
20202 00c0
20206 0080
20210 00c0
20216 0040
20219 0060
20226 0020
20257 8020
20268 8030
20272 8010
20276 8090
20289 8080
20299 8000
20325 8020
20329 0020
20332 0030
20339 0010
20344 0090
20350 8090
20376 8080
20377 8000
20387 8020
20401 8000
# alive 20403
20411 8020
20434 8000
20441 8080
20463 8000
20479 8020
20491 8000
20508 8080
20536 8000
20554 8020
20558 8000
20593 8080
20606 8000
20624 8080
20633 8000
20643 8020
20652 8000
20661 8020
20674 8000
# alive 20703
20740 8080
20787 8000
20827 8080
20838 8000
20847 8080
20864 8000
20871 8080
20881 8000
20916 8080
20926 8000
20930 8080
20943 8000
20960 8080
20974 8000
20978 8080
20989 8000
20995 8080
# alive 21003
21003 0080
21033 00c0
21036 0040
21040 00c0
21048 0080
21064 0090
21067 0010
21082 0090
21090 8090
21092 8010
21096 8030
21097 8020
21113 0020
21132 8020
21136 8030
21138 0030
21139 0010
21140 0090
21163 0010
21164 0020
21202 0060
21205 0040
21225 2040
21233 0040
21243 0000
21255 0040
21258 00c0
21264 0000
21281 0010
21287 0030
21299 0020
# alive 21303
21314 8020
21346 0020
21356 8020
21363 8030
21372 8010
21374 8090
21382 8080
21394 0080
21397 0000
21408 4000
21413 0000
# alive 21603
21662 4000
21671 0000
21675 4000
21682 0000
21822 8000
21843 8080
21852 8000
21865 8080
21901 8000
# alive 21903
21904 0020
21925 8020
21951 8000
21963 8020
21995 8000
22015 8020
22065 8000
22074 8080
22090 8000
22121 c000
22128 c080
22135 c000
22154 c020
22160 c000
22188 c020
22197 c000
# alive 22203
22255 c080
22261 c000
22306 c020
22326 c000
22372 8000
22373 0000
22377 0010
22402 4090
22414 4010
22439 0010
22450 0090
22454 0010
22462 0000
22501 0080
# alive 22503
22520 0000
22535 0010
22540 0090
22549 0010
22574 0090
22585 0080
22586 4080
22587 4000
22593 0000
22599 4000
22606 0000
22772 4000
22781 4020
22782 0020
22801 4020
# alive 22803
22810 0020
22814 4020
22815 4060
22820 0060
22830 0020
22847 0000
22975 0080
23010 0000
23020 0020
23039 0060
23041 0040
23064 00c0
23082 0040
23094 00c0
23098 0040
23100 0000
# alive 23103
23209 4000
23218 0000
23249 4000
23259 0000
23273 4000
23277 4010
23279 0010
23318 8010
23334 8030
23337 8020
23344 0020
23359 8020
23389 8000
23399 8020
# alive 23403
23404 8000
23412 8020
23415 0020
23465 0030
23468 0010
23485 0030
23493 0020
23494 4020
23503 4030
23506 4010
23510 4000
23522 4040
23555 0040
23564 0000
# alive 23703
23763 8000
23786 8080
23842 8000
# alive 24003
24035 8020
24056 8000
24073 8080
24078 8000
24129 8080
24145 8000
24184 8080
24197 8000
24239 8020
24259 8000
24301 8080
# alive 24303
24309 8000
24372 8080
24376 8000
24391 0000
24395 0080
24399 0090
24401 2090
24405 2010
24408 0010
24414 0090
24424 0010
24427 0000
24439 0080
24444 0000
24470 0010
24481 0090
24495 0080
24503 8080
24511 8090
24516 8080
24518 8000
24536 8020
24561 8000
24563 8080
24573 8000
24583 8080
24595 0080
# alive 24603
24607 00c0
24640 0080
24656 0090
24661 0010
24664 8010
24667 8030
24670 0030
24672 0020
24677 8020
24702 8030
24703 8010
24704 8090
24714 8080
24715 8000
24725 8020
24744 8000
24751 8080
24760 8000
24765 8080
24768 0080
24783 8080
24821 8000
24871 c000
# alive 24903
24908 c080
24914 c000
24938 8000
24962 8080
24967 8000
24992 8020
24996 8000
25034 c000
25043 8000
25084 8080
25091 8000
25105 8080
25110 8000
25125 8080
25160 8000
25179 8080
25198 8000
# alive 25203
25230 0000
25237 0080
25238 0090
25239 2090
25243 2010
25246 0010
25256 0090
25274 0010
25288 2010
25294 0010
25299 2000
25305 0000
25318 0040
25327 4040
25358 4060
25363 0060
25368 0020
25382 0030
25403 0020
25423 0030
25434 0010
25438 0090
25453 8090
25465 8080
25476 8090
25478 8010
25479 8020
25485 8080
# alive 25503
25509 8000
25520 8020
25539 0020
25545 8020
25555 8000
25563 0000
25564 0080
25583 8080
25620 8000
25635 8020
25640 8000
25658 8080
25685 0080
25698 8080
25713 8000
25723 8020
25764 8000
25777 8020
25783 8000
25794 8080
25800 8000
# alive 25803
25816 8080
25825 8000
25851 8020
25861 8000
25874 8020
25930 c020
25932 c000
25940 c020
25948 c000
25960 c080
25967 c000
25989 c020
26000 c000
26009 8000
26024 8020
26057 c020
26061 c000
26071 c020
26079 8020
26099 0020
# alive 26103
26103 0000
26307 0080
26328 0000
26334 0080
26362 00c0
26366 0080
26370 0000
# alive 26403
26491 4000
26499 0000
26505 4000
26511 0000
26516 4000
26523 0000
26528 4000
26534 0000
26539 4000
26545 0000
26551 4000
26558 0000
26562 4000
26569 0000
26581 0080
26586 4080
26593 0080
26594 0090
26599 0080
26606 0000
# alive 26703
26775 0080
26778 0090
26785 0010
26816 0090
26841 0080
26855 2080
26862 2000
26864 0000
26906 0010
26913 0090
26929 0010
26935 4010
26945 4030
26955 c030
26958 8010
26961 8000
# alive 27003
27003 8080
27007 8000
27033 0000
27035 0020
27067 8020
27077 8010
27078 8090
27080 0090
27081 0080
27103 8080
27126 8000
27155 8020
27173 8000
27190 8080
27194 8000
27220 8080
27229 8000
27290 8020
# alive 27303
27313 8000
27361 8080
27366 8000
27411 8020
27418 8000
27479 8020
27488 8000
27518 8020
27523 c020
27537 c000
27543 8000
27557 8080
27566 8000
27589 8020
27591 c020
# alive 27603
27611 8000
27646 8020
27649 c020
27666 8000
27685 8080
27716 8000
27767 8020
27772 8000
27810 0000
# alive 27903
28007 4000
28016 0000
28022 4000
28027 0000
28044 0010
28048 0030
28054 4030
28056 4020
28057 4000
28060 0000
# alive 28203
28205 0020
28247 0030
28250 0010
28256 0030
28257 0020
28262 0040
28303 00c0
28311 0040
28315 8040
28321 80c0
28326 8080
28335 8000
28364 8080
28376 0080
28401 00c0
28407 80c0
28414 00c0
28415 0080
28423 0000
28431 0080
28454 0090
28455 4090
28457 4010
28483 4090
28484 0090
28493 0010
# alive 28503
28518 0000
# alive 28803
28816 4000
28826 0000
28831 4000
28838 0000
28842 4000
28849 0000
29010 8000
# alive 29103
29167 0000
29170 0080
29195 8080
29247 8000
29249 8080
29269 8000
29280 8020
29297 8000
29313 8080
29319 8000
29347 8080
29354 8000
29368 c000
# alive 29403
29403 c020
29409 c000
29423 c020
29427 c000
29479 c020
29495 c000
29551 8000
29606 8020
29623 8000
29641 c000
29643 c080
29659 c000
29664 8000
29673 8020
29692 8000
# alive 29703
29716 c000
29737 8000
29774 0000
# alive 30003
30083 8000
# alive 30303
30410 0000
30464 0020
30465 0060
30510 0020
30512 0010
30514 0090
30527 4090
30556 0090
30578 8010
30587 8030
30590 8020
# alive 30603
30620 8000
30651 8010
30653 0010
30666 2010
30678 0010
30687 0000
30699 0010
30714 2010
30716 2000
30719 0000
30726 2000
30732 0000
30738 2080
30742 0080
30758 00c0
30759 0040
30760 0060
30785 2060
30793 0060
30801 0040
30804 0000
30817 0040
30838 0000
30850 0020
30871 0000
30879 2000
30885 2020
30886 2060
30888 0060
30896 2060
30899 2000
# alive 30903
30903 0000
30913 0020
30923 0000
30934 0010
30943 0090
30951 0010
30957 0090
30962 8090
30970 8010
30974 8000
30990 8020
31001 8000
31009 8080
31032 8000
31039 8080
31094 8000
31119 8020
31129 8000
31139 0010
31147 4010
31162 0010
31164 0090
31177 0010
# alive 31203
31204 4010
31215 0010
31230 0030
31238 0020
31244 0030
31248 0010
31267 0030
31272 0020
31292 0030
31295 2030
31305 0030
31315 0010
31319 0000
31330 0020
31337 0060
31339 4060
31375 0060
31378 0040
31384 00c0
31392 0080
31400 0000
31414 0080
31417 0090
31423 0010
31436 2010
31437 2000
31443 0000
31445 0010
31453 2010
31457 0010
31463 2010
31468 2000
31469 0000
31475 2010
31482 0010
31485 0000
31488 2000
31494 0000
31496 0080
31501 2080
# alive 31503
31507 0080
31512 2080
31519 0080
31523 2080
31526 2000
31531 0000
31540 2000
31546 0000
31550 0010
31554 2010
31560 0010
31566 0000
31592 0020
31600 0000
31638 0020
31644 0030
31664 0020
31680 2020
31690 0020
31697 0060
31712 4060
31724 4040
31729 40c0
31735 0080
31747 0090
31755 2090
31767 2080
31768 2000
31778 0000
31801 2000
# alive 31803
31809 0010
31814 2010
31815 2000
31820 2010
31822 0010
31823 0090
31833 0010
31839 0000
31854 0040
31870 0060
31928 0040
31931 00c0
31940 0080
31954 0090
31981 0010
31985 0030
31989 0020
32008 0060
32015 0040
32028 0060
32037 0020
32048 0000
32058 0200
32059 0220
32068 0200
32086 0280
32102 0290
# alive 32103
32168 0210
32177 0230
32195 0030
32199 0010
32202 0090
32211 0010
32213 0030
32220 0010
32221 4010
32223 6010
32225 6090
32226 4090
32231 4010
32240 0010
32243 0030
32256 0010
32258 4010
32261 4090
32264 0010
32308 0090
32314 0080
32341 00c0
32351 80c0
32362 8080
32371 8000
32381 8020
32391 8000
32397 8020
# alive 32403
32405 8000
32413 8080
32423 8000
32432 8010
32442 0010
32450 2010
32453 2000
32465 0000
32476 0040
32483 4040
32531 40c0
32535 00c0
32541 0080
32543 0000
32545 0010
32581 2010
32595 2030
32600 2020
32606 0000
32623 0040
32624 0060
32657 0020
32680 0030
32686 0020
32689 8020
32701 8000
# alive 32703
32710 8080
32719 0080
32726 0090
32744 2090
32754 2010
32757 2030
32762 2010
32764 2090
32769 2010
32771 2030
32775 0030
32785 2030
32791 0030
32795 2030
32799 2020
32802 0020
32805 0060
32808 2060
32816 0060
32831 0040
32842 4040
32852 40c0
32859 0080
32865 0090
32871 2090
32882 2010
32889 2090
32895 2000
32901 0000
32905 0080
32915 0000
32922 2000
32927 2020
32929 0020
32935 2020
32944 0020
32952 2020
32953 2000
32959 0000
32964 2000
32971 0000
32978 2000
32985 0000
32989 2000
32997 0000
# alive 33003
33004 0020
33005 0030
33015 0010
33021 0000
33041 0080
33051 0090
33100 4090
33106 4010
33115 0010
33138 0000
33145 0010
33154 8010
33168 8000
33169 8020
33191 c020
33205 c000
33207 4000
33208 0000
33210 0010
33212 0090
33216 0010
33245 4010
33265 4030
33267 0030
33273 8030
33275 8010
33277 8000
33296 8080
33299 8090
33302 8080
# alive 33303
33304 8000
33310 8010
33313 0010
33328 2010
33337 2030
33340 2020
33353 0020
33360 2020
33368 0020
33373 0030
33374 2030
33378 2010
33380 0010
33384 0090
33385 2090
33393 0090
33399 2090
33405 0090
33409 0080
33413 2080
33414 20c0
33418 00c0
33424 20c0
33429 2040
33432 0040
33438 2040
33442 20c0
33446 00c0
33450 0080
33451 2080
33457 0080
33463 2080
33467 2090
33470 2010
33471 0010
33473 0030
33474 2030
33475 2020
33482 0020
33486 0060
33488 2060
33496 0060
33502 2060
33508 2040
33510 0040
33515 2040
33522 0040
33529 2040
33531 2060
33535 0060
33540 2060
33546 0060
33553 2060
33558 2020
33559 0020
33564 2020
33568 2060
33572 0060
33577 0040
33578 2040
33584 0040
33585 0060
33590 2060
33597 0060
# alive 33603
33603 0020
33610 0030
33615 0010
33617 2010
33626 0010
33627 0090
33632 2090
33637 2080
33638 0080
33646 20c0
33652 00c0
33660 20c0
33666 00c0
33671 20c0
33679 00c0
33684 20c0
33690 00c0
33695 2080
33703 0080
33711 0000
33730 0080
33733 00c0
33748 0080
33755 0090
33760 0010
33782 0030
33789 8030
33792 8010
33794 8000
33802 8020
33810 8000
33828 8080
33842 8000
33844 8020
33893 8000
33894 8080
# alive 33903
33904 0080
33913 4080
33931 0080
33937 8080
33944 8000
33972 8020
33985 8000
33996 8080
34000 0080
34031 0090
34039 0080
34057 0090
34064 0010
34087 0030
34119 0010
34125 0090
34168 0010
34175 0030
34181 0010
34196 0030
# alive 34203
34206 0010
34215 0030
34226 0010
34229 0030
34258 2010
34261 2090
34266 2010
34268 2030
34279 0030
34280 0010
34282 0090
34299 4090
34303 4010
34308 4030
34323 0030
34325 0010
34331 0030
34351 0010
34353 2010
34369 2090
34378 2010
34381 0010
34388 0000
34391 0080
34402 0000
34405 8000
34411 8080
34412 0080
34421 0000
34428 0080
34437 00c0
34452 0080
34454 8080
34458 0080
34484 2080
# alive 34503
34504 0000
34515 0020
34553 0060
34579 0020
34584 0060
34594 0040
34610 00c0
34623 0080
34626 0000
34635 0010
34663 4010
34685 0010
34696 8010
34710 8090
34711 8080
34728 8000
34750 8010
34767 8090
34771 0090
34775 0010
34784 2010
34791 2000
34792 0000
34799 0040
# alive 34803
34816 4040
34846 4060
34856 4020
34858 4010
34860 0010
34872 0090
34882 2090
34883 2080
34892 2000
34906 0000
34911 0010
34914 0090
34924 0080
34929 0000
34952 0010
34958 4010
34973 0010
34975 0030
34977 0010
34982 8010
34990 8000
35006 8020
35012 0020
35016 8020
35038 8000
35050 8080
35053 0090
35058 0010
35062 0090
35075 0030
35083 0020
# alive 35103
35106 0030
35115 8030
35126 8020
35127 8000
35151 8080
35159 8010
35161 8030
35162 8020
35184 c020
35200 c000
35201 8080
35215 8000
35235 0000
35242 2000
35249 2030
35250 0030
35255 2030
35259 2010
35261 0010
35267 0030
35275 0020
35281 4020
35283 4030
35293 4010
35295 4090
35299 4080
35302 00c0
35309 0040
35324 2040
35336 2000
35344 0000
35352 0010
35355 2010
35358 2000
35360 2010
35362 2090
35364 0090
35377 0080
# alive 35403
35403 0090
35406 0010
35407 0030
35493 0010
35501 0030
35517 0010
35523 0030
35536 0010
35550 2010
35559 0010
35562 0000
35564 0060
35575 4060
35602 0060
35607 4060
35611 4040
35616 4060
35619 0060
35623 4060
35636 0040
35648 00c0
35665 0080
35671 4080
35678 0080
35679 0090
35681 0010
35683 0000
# alive 35703
35873 8000
35891 8020
35912 8000
35942 8080
35974 8090
35979 8010
35980 8000
35985 8020
