game                                  vbl   wall   load  speed    psx    gte    gpu   poly    hle    spu   mdec     cd
Spyro the Dragon                     3600   60.9   44.3   0.99   21.8    4.1   13.7    8.7    4.7    1.8    0.0    0.3
Crash Bandicoot 3 - Warped           3600   60.5   59.5   0.99   27.4    4.4   14.9    9.3    7.1   10.8    0.0    0.1
Crash Team Racing                    3600   60.7   44.1   0.99   20.9    2.0    6.9    3.7    6.9    6.4    0.0    0.2
Crash Bash                           3600   60.7   60.9   0.99   25.4    3.0   16.5   12.2    8.6    8.5    0.0    0.1
Ape Escape                           3600   60.4   31.5   0.99   17.1    0.7    3.7    1.5    9.3    2.8    0.0    0.2
Medievil                             3600   60.5   53.4   0.99   20.6    0.0   15.8    0.0    3.5    1.6    4.4    0.4
Final Fantasy VII                    3600   62.0   41.6   0.97   18.2    0.0   16.9    3.6    2.6    4.0    0.0    0.0
Gex                                  3600   60.2   46.0   1.00   13.3    0.0   15.1    0.0    1.4    1.7    9.9    0.3
Frogger                              3600   60.6   50.9   0.99   17.2    1.4   17.1    3.7    2.8    1.7    6.3    0.3
Micro Machines V3                    3600   60.8   62.7   0.99   16.5    0.0   28.3    0.0    3.3    3.8    8.6    0.3
Point Blank                          3600   60.3   55.4   1.00   12.6    0.0   22.9    0.0    0.8    1.7   11.2    0.4
mean of 11                                         50.0   0.99   19.2    1.4   15.6    3.9    4.7    4.1    3.7    0.2
