game                                              vbl   wall   load  speed    psx    gte    gpu   poly    hle    spu   mdec     cd
Spyro the Dragon                                 3600   61.5   42.1   0.98   15.6    0.0   11.4    0.0    2.5    1.2    0.0    7.5
Crash Bandicoot 3 - Warped                       3600   61.0   43.8   0.98   20.8    0.0   11.9    0.0    5.2    5.1    0.0    1.3
Crash Team Racing                                3600   61.2   35.3   0.98   16.5    0.0    6.7    0.0    2.4    3.2    0.0    4.0
Crash Bash                                       3600   61.4   43.4   0.98   18.8    0.0   13.3    0.0    2.5    4.4    0.0    1.8
Ape Escape                                       3600   60.9   26.5   0.99   12.5    0.0    3.8    0.0    7.2    1.8    0.0    3.3
Medievil                                         3600   61.2   60.0   0.98   15.2    0.0   24.6    0.0    2.2    1.1    2.8    7.8
Final Fantasy VII                                3600   70.2   44.4   0.86   11.5    0.0   12.1    0.0    1.8    2.0    0.0    0.5
Gex                                              3600   60.8   35.5   0.99    9.3    0.0    6.4    0.0    1.5    1.1    6.2    7.5
Frogger                                          3600   61.0   38.3   0.98   12.4    0.0    7.2    0.0    1.6    1.1    4.0    7.7
Micro Machines V3                                3600   61.7   42.3   0.97   12.7    0.0   11.3    0.0    3.4    2.2    5.5    5.5
Point Blank                                      3600   60.8   40.2   0.99    9.5    0.0    8.7    0.0    0.9    1.2    7.2    8.1
mean of 11                                                     41.1   0.97   14.1    0.0   10.7    0.0    2.8    2.2    2.3    5.0
game                                              pmc1#    pmc2#    pmc3#    pmc4#
Spyro the Dragon                               36451936041 28774571875        0        0
Crash Bandicoot 3 - Warped                     43421330165 32750616681        0        0
Crash Team Racing                              38078461185 25236314835        0        0
Crash Bash                                     41991704966 30868580861        0        0
Ape Escape                                     29573633049 24112467337        0        0
Medievil                                       36241993895 26171469701        0        0
Final Fantasy VII                              50086819644 36378322176        0        0
Gex                                            40583867545 29539054416        0        0
Frogger                                        40645613751 29487649479        0        0
Micro Machines V3                              41882290714 30733619736        0        0
Point Blank                                    40286340752 29719963815        0        0
