game                                              vbl   wall   load  speed    psx    gte    gpu   poly    hle    spu   mdec     cd
Spyro the Dragon                                 3600   61.5   41.4   0.98   15.6    0.0   10.9    0.0    2.5    1.2    0.0    7.3
Crash Bandicoot 3 - Warped                       3600   61.0   43.3   0.98   20.8    0.0   11.4    0.0    5.2    5.1    0.0    1.3
Crash Team Racing                                3600   61.2   34.9   0.98   16.5    0.0    6.4    0.0    2.4    3.2    0.0    4.0
Crash Bash                                       3600   61.4   43.3   0.98   18.8    0.0   13.2    0.0    2.5    4.4    0.0    1.8
Ape Escape                                       3600   60.9   26.4   0.99   12.5    0.0    3.7    0.0    7.2    1.8    0.0    3.3
Medievil                                         3600   61.2   58.7   0.98   15.2    0.0   23.3    0.0    2.2    1.1    2.8    7.8
Final Fantasy VII                                3600   63.4   38.2   0.95   12.7    0.0    9.9    0.0    2.0    2.2    0.0    0.6
Gex                                              3600   60.8   33.9   0.99    9.3    0.0    4.8    0.0    1.5    1.1    6.3    7.5
Frogger                                          3600   61.0   37.2   0.98   12.4    0.0    6.1    0.0    1.6    1.1    4.0    7.7
Micro Machines V3                                3600   61.7   40.4   0.97   12.7    0.0    9.6    0.0    3.4    2.2    5.5    5.5
Point Blank                                      3600   60.8   38.3   0.99    9.4    0.0    6.9    0.0    0.9    1.2    7.2    8.1
mean of 11                                                     39.6   0.98   14.2    0.0    9.6    0.0    2.9    2.2    2.3    5.0
